BSS1 43 32 4
BSS2 119 105 5
BSS3 190 49 1
BSS4 35 127 5
BSS5 79 23 5
BSS6 180 168 2
BSS7 13 155 4
BSS8 138 85 4
BSS9 53 186 4
BSS10 89 136 5
BSS11 7 116 5
BSS12 15 84 5
BSS13 155 7 3
BSS14 30 59 5
BSS15 112 69 5
BSS16 73 82 6
BSS17 60 116 6
BSS18 89 53 5
BSS19 3 30 3
BSS20 106 146 5
BSS21 90 114 5
BSS22 56 151 5
BSS23 117 187 4
BSS24 137 141 5
BSS25 6 66 4
BSS26 44 97 6
BSS27 83 77 6
BSS28 62 56 6
BSS29 167 63 4
BSS30 63 121 5
BSS31 55 72 5
BSS32 91 88 6
BSS33 48 99 6
BSS34 42 136 5
BSS35 18 7 4
BSS36 78 109 6
BSS37 100 98 4
BSS38 3 171 4
BSS39 59 90 6
BSS40 108 58 5
BSS41 68 150 5
BSS42 66 92 6
BSS43 119 19 4
BSS44 47 109 6
BSS45 76 97 6
BSS46 48 68 5
BSS47 105 87 5
BSS48 58 93 6
BSS49 33 113 5
BSS50 83 106 5
BSS51 79 86 6
BSS52 56 2 2
BSS53 18 97 5
BSS54 77 101 6
BSS55 57 79 6
BSS56 98 115 5
BSS57 62 100 6
BSS58 72 129 5
BSS59 68 82 6
BSS60 87 105 5
BSS61 94 154 5
BSS62 77 134 5
BSS63 94 96 5
BSS64 47 75 5
BSS65 82 70 5
BSS66 3 117 4
BSS67 63 93 6
BSS68 118 72 5
BSS69 48 104 6
BSS70 19 193 3
BSS71 62 89 6
BSS72 62 86 6
BSS73 166 120 4
BSS74 107 108 5
BSS75 76 86 6
BSS76 97 78 6
BSS77 155 182 5
BSS78 77 110 5
BSS79 67 96 6
BSS80 53 131 5
BSS81 84 90 6
BSS82 37 48 4
BSS83 118 100 5
BSS84 132 116 5
BSS85 137 38 4
BSS86 71 54 5
BSS87 102 123 5
BSS88 164 21 3
BSS89 95 7 3
BSS90 100 52 5
BSS91 87 90 5
BSS92 120 165 3
BSS93 82 120 5
BSS94 146 84 4
BSS95 71 164 4
BSS96 87 181 4
BSS97 165 152 3
BSS98 151 49 3
BSS99 134 4 3
BSS100 122 107 3
BSS101 97 126 4
BSS102 122 45 2
