CS1 43 32 11
CS2 119 105 15
CS3 190 49 1
CS4 35 127 15
CS5 79 23 12
CS6 180 168 6
CS7 13 155 8
CS8 138 85 13
CS9 53 186 8
CS10 89 136 15
CS11 7 116 12
CS12 15 84 15
CS13 155 7 10
CS14 30 59 15
CS15 112 69 15
CS16 73 82 15
CS17 60 116 15
CS18 89 53 15
CS19 3 30 7
CS20 98 164 9
CS21 56 151 15
CS22 117 187 9
CS23 137 141 9
CS24 44 97 15
CS25 85 98 15
CS26 167 63 5
CS27 61 71 15
CS28 18 7 3
CS29 44 91 15
CS30 103 91 15
CS31 66 119 15
CS32 119 19 11
CS33 93 111 15
CS34 77 97 15
CS35 110 122 15
CS36 57 69 15
CS37 3 185 7
CS38 84 92 15
CS39 77 121 15
CS40 55 101 15
CS41 62 1 5
CS42 70 80 15
CS43 94 81 15
CS44 58 97 15
CS45 166 120 6
CS46 141 46 9
CS47 100 60 14
CS48 157 138 7
CS49 98 114 13
CS50 157 184 9
CS51 72 53 15
CS52 71 152 12
CS53 83 193 5
CS54 166 154 3
