CS1 43 32 11 38.089575
CS2 119 105 15 59.665231
CS3 190 49 1 0.000000
CS4 35 127 15 67.937903
CS5 79 23 12 20.400490
CS6 180 168 6 1.269127
CS7 13 155 8 36.926423
CS8 138 85 13 36.597202
CS9 53 186 8 28.198512
CS10 89 136 15 71.218961
CS11 7 116 12 41.388232
CS12 15 84 15 50.802161
CS13 155 7 10 29.893964
CS14 30 59 15 45.144226
CS15 112 69 15 53.344369
CS16 73 82 15 84.460780
CS17 60 116 15 82.268404
CS18 89 53 15 56.656137
CS19 3 30 7 28.694371
CS20 98 164 9 29.251150
CS21 56 151 15 50.858265
CS22 117 187 9 25.084482
CS23 137 141 9 31.323041
CS24 44 97 15 76.749727
CS25 85 98 15 77.865864
CS26 167 63 5 29.712791
CS27 61 71 15 74.584275
CS28 18 7 3 33.834852
CS29 44 91 15 77.992431
CS30 103 91 15 50.712016
CS31 66 119 15 82.864957
CS32 119 19 11 29.740397
CS33 93 111 15 71.246993
CS34 77 97 15 87.310154
CS35 110 122 15 58.021696
CS36 57 69 15 66.429621
CS37 3 185 7 31.175151
CS38 84 92 15 74.657333
CS39 77 121 15 80.779836
CS40 55 101 15 87.612770
CS41 62 1 5 23.865131
CS42 70 80 15 85.019624
CS43 94 81 15 70.983482
CS44 58 97 15 88.447902
CS45 166 120 6 32.253764
CS46 141 46 9 33.342471
CS47 100 60 14 49.677201
CS48 157 138 7 18.815743
CS49 98 114 13 41.068462
CS50 157 184 9 27.769453
CS51 72 53 15 60.402035
CS52 71 152 12 61.338671
CS53 83 193 5 26.636873
CS54 166 154 3 27.967011
