BSS1 43 32 4 41.041667
BSS2 119 105 5 35.416667
BSS3 190 49 1 3.333333
BSS4 35 127 5 57.274306
BSS5 79 23 5 39.791667
BSS6 180 168 2 4.375000
BSS7 13 155 4 32.291667
BSS8 138 85 4 28.915983
BSS9 53 186 4 29.166667
BSS10 89 136 5 52.674663
BSS11 7 116 5 39.166667
BSS12 15 84 5 58.541667
BSS13 155 7 3 16.875000
BSS14 30 59 5 59.646991
BSS15 112 69 5 51.292877
BSS16 73 82 6 67.141993
BSS17 60 116 6 75.416667
BSS18 89 53 5 59.166667
BSS19 3 30 3 25.833333
BSS20 106 146 5 41.260522
BSS21 90 114 5 53.958333
BSS22 56 151 5 49.375000
BSS23 117 187 4 24.166667
BSS24 137 141 5 27.291667
BSS25 6 66 4 35.075231
BSS26 44 97 6 73.545875
BSS27 83 77 6 63.125000
BSS28 62 56 6 69.338173
BSS29 167 63 4 15.833333
BSS30 63 121 5 66.418350
BSS31 55 72 5 63.912037
BSS32 91 88 6 57.010995
BSS33 48 99 6 71.593013
BSS34 42 136 5 53.935185
BSS35 18 7 4 25.833333
BSS36 78 109 6 63.001368
BSS37 100 98 4 32.500000
BSS38 3 171 4 35.833333
BSS39 59 90 6 68.615320
BSS40 108 58 5 44.253735
BSS41 68 150 5 52.586806
BSS42 66 92 6 75.635522
BSS43 119 19 4 17.916667
BSS44 47 109 6 69.966330
BSS45 76 97 6 74.736690
BSS46 48 68 5 61.666667
BSS47 105 87 5 50.847801
BSS48 58 93 6 72.291667
BSS49 33 113 5 60.341435
BSS50 83 106 5 54.166667
BSS51 79 86 6 55.274884
BSS52 56 2 2 18.125000
BSS53 18 97 5 61.649306
BSS54 77 101 6 72.531829
BSS55 57 79 6 68.476431
BSS56 98 115 5 39.892940
BSS57 62 100 6 79.571759
BSS58 72 129 5 59.166667
BSS59 68 82 6 69.791667
BSS60 87 105 5 56.666667
BSS61 94 154 5 34.480219
BSS62 77 134 5 50.875421
BSS63 94 96 5 47.500000
BSS64 47 75 5 61.666667
BSS65 82 70 5 63.331229
BSS66 3 117 4 33.125000
BSS67 63 93 6 73.343855
BSS68 118 72 5 49.909512
BSS69 48 104 6 68.703704
BSS70 19 193 3 27.500000
BSS71 62 89 6 70.932239
BSS72 62 86 6 65.850168
BSS73 166 120 4 25.202546
BSS74 107 108 5 40.208333
BSS75 76 86 6 61.363899
BSS76 97 78 6 50.000000
BSS77 155 182 5 35.416667
BSS78 77 110 5 59.432870
BSS79 67 96 6 77.112795
BSS80 53 131 5 56.742950
BSS81 84 90 6 53.677662
BSS82 37 48 4 48.362269
BSS83 118 100 5 44.493634
BSS84 132 116 5 33.125000
BSS85 137 38 4 18.541667
BSS86 71 54 5 61.601957
BSS87 102 123 5 49.375000
BSS88 164 21 3 16.250000
BSS89 95 7 3 19.791667
BSS90 100 52 5 47.500000
BSS91 87 90 5 48.582176
BSS92 120 165 3 24.670139
BSS93 82 120 5 59.033565
BSS94 146 84 4 21.666667
BSS95 71 164 4 24.369213
BSS96 87 181 4 19.791667
BSS97 165 152 3 22.916667
BSS98 151 49 3 21.875000
BSS99 134 4 3 14.166667
BSS100 122 107 3 28.541667
BSS101 97 126 4 41.458333
BSS102 122 45 2 13.541667
